7883267
16969430
26638223
29039693
50449376
96197708
262359722
291420098
324836041
353413351
424763496
448179937
475982478
486705942
490569192
508960232
510353016
520918931
526550996
627120538
641166146
691186833
1030841514
1214282110
1441328031
1608207976
1685191777
1901281126
2056208337
3493094183930110
3493136810642030
3493285876206434
3494350055016639
3537122501855652
3546572386208536
3546578526669024
3546603447126762
3546670765705345
3546671296285271
3546675547212383
3546677495466114
3546679124953536
3546680574085420
3546683744979602
3546693643537328
3546711307848563
3546759410223207
3546780625013132
3546813780986394
3546860098685662
3546861430376451
3546878652189261
3546888349420079
3546957888883627
3546974273931323
