3461566320085076
3461572353592159
3493076312001062
3493079608723871
3493079986211647
3493080921541370
3493086084729802
3493089117211427
3493094183930110
3493104948611433
3493105919593012
3493115719584278
3493130194127841
3493130399647837
3493135388772535
3493136810642030
3493139711003547
3493265200384848
3493270692825820
3493280499108347
3494350055016639
3494353550969054
3494353712449885
3494358244395817
3494373947869991
3537108146850244
3537112326474498
3537118548724340
3537121535068515
3537122501855652
3546382029818564
3546565784373274
3546570135964131
3546576930736314
3546578526669024
3546589207463973
3546596186786652
3546600924252686
3546603447126762
3546605401672668
3546649116805249
3546650358320040
3546668549015559
3546670765705345
3546671296285271
3546677495466114
3546679124953536
3546679236102156
3546680133683352
3546680574085420
3546683744979602
3546693643537328
3546711087647086
3546721695042046
3546723517466795
3546737601940061
3546760869841843
3546761494792369
3546761532541455
3546783986748079
3546813780986394
3546827915790962
3546848677596003
3546860098685662
3546861430376451
3546864353806699
3546876764751940
3546878652189261
3546879059036762
3546885228857662
3546885453253151
3546888349420079
3546889534310942
3546897264413197
3546908010219931
3546911789287996
3546912447793591
3546916403021857
3546923392830328
3546925575965459
3546929338255849
3546929690577718
3546932534315095
3546950928435385
3546952117520784
3546952367081873
3546952474036343
3546953140930696
3546956005641133
3546956097915092
3546957888883627
3546958652246826
3546959470135850
3546964211796069
3546965600110801
3546969318361219
3546970283051813
3546971115620456
3546971637812098
3546973426682134
3546974273931323
3546977404980016
3632299979574098
3632305197288126
3632308120718243
3632308707920385
3632316819704270
3632319457921785
3632320296782256
3690971864762658
3690973473278281
3690973576038743
3690978238007395
3690978238007964
3690978238008013
3690978242202381
3690978890222251
3690979343206443
3690983254394933
3690985420753137
3690989013174303
3690989088672443
3690989164169876
3690991276002074
3690991376665154
3690995529025742
3690996640516572
3690997057850286
3690997072529952
3690997684897845
3690997720550016
3690998119009198
3690998255323916
3690998517467281
3690998725085751
3690999054338693
3690999077407154
3690999077407458
3690999119350515
3690999270345329
3690999331162331
3690999475865931
3690999593306594
3690999874324945
3690999878519193
3690999989668722
3691000037903021
3691000063068607
3691000409098665
3691000513956341
3691000841111833
3691001044535706
3691001210210648
3691001237473327
3691001291999920
3691001434605940
3691001881299024
3691001898076361
3691002026003302
3691002028099622
3691002059557085
3691002304923773
3691002602720103
3691002692897189
3691002709674552
3691002938263606
3691002948749911
3691003867302171
3691003972160088
3691005314336838
3691005805070873
3691006316776355
3691006325164164
3691006507616536
3691006516005585
3691006574725486
3691007048682009
3691008980159120
3691009110182737
3691009399589556
3691009538001601
3691009754007563
3691009760299662
3691009877740164
3691010148272681
3691010202798605
3691010821458770
3691010926316417
3691010926316428
3691011071019773
3691011175877213
3691011364620784
3691011446409566
3691011532392837
3691011597404827
3691012010543381
3691012169927354
3691012708894772
3691012931193648
3706923226499157
3706923367008863
3706923549461296
3706923870325270
3706923943725480
3706924210063462
3706924218452031
3706924373642059
3706924870666582
3706924887444434
3706925067799330
3706925434800151
3706925770345343
3706926160415339
3706926271563967
3706926426753558
3706927110424813
3706927687141542
3706927966062804
3706927976549069
