3646153
7040071
7648697
8114565
13848015
25452878
26734674
36507216
50449376
68022700
74140422
94418670
96197708
109089240
111936569
113661668
130827055
171799120
176042314
181053003
190201204
208218513
227979462
234878500
240814697
249132912
252616645
269901880
310810905
313602591
346755013
350190929
350809468
356187285
359856304
378014890
379515724
382485241
383207710
386037913
388483809
398056547
407199335
456337378
458062308
475982478
481292176
483417741
486168866
489790304
490569192
508960232
512119475
522678907
522759624
621747036
628934134
631093549
641166146
691186833
692946911
1014335709
1015621206
1015857727
1030841514
1062092117
1082669615
1125156786
1164793185
1274931031
1329864559
1356110462
1433385592
1441328031
1456465612
1465127479
1502739785
1569861837
1691112666
1710479066
1913111612
1968658572
2113563689
2117011755
3493086084729802
3493089117211427
3493094183930110
3493115719584278
3493130194127841
3493130399647837
3493135388772535
3493136810642030
3493139711003547
3494350055016639
3494367740299411
3494373947869991
3537122501855652
3546382029818564
3546565784373274
3546589207463973
3546596186786652
3546600924252686
3546603447126762
3546605401672668
3546649116805249
3546650358320040
3546670765705345
3546671296285271
3546680574085420
3546721695042046
3546813780986394
3546876764751940
3546878652189261
3546879059036762
3546891310598725
3546923392830328
3546957888883627
3546971637812098
3632319457921785
3690973576038743
3690985420753137
3690989164169876
3690996640516572
3690998725085751